121.449, 320.896
121.565, 320.846
121.614, 321.04
121.652, 321.06
121.63, 320.94
121.562, 320.812
121.493, 320.795
121.479, 320.929
121.489, 320.82
121.579, 320.717
121.701, 320.633
121.812, 320.419
121.91, 320.411
122.006, 320.508
122.162, 320.643
122.338, 320.874
122.465, 321.002
122.578, 321.239
122.79, 321.228
122.821, 321.136
122.798, 321.101
122.882, 321.091
122.855, 321.132
122.959, 321.303
122.904, 321.466
122.955, 321.541
122.935, 321.504
122.824, 321.851
122.682, 322.123
122.514, 322.399
122.321, 322.892
122.484, 322.858
122.618, 323.134
122.785, 323.34
122.848, 323.542
122.797, 323.633
122.79, 323.704
122.912, 323.68
122.96, 323.65
122.985, 323.636
122.981, 323.768
123.031, 323.647
123.036, 323.757
123.109, 323.713
123.165, 323.855
123.173, 323.761
123.182, 323.716
123.236, 323.709
122.797, 323.91
122.329, 324.283
121.918, 324.614
121.564, 325.049
121.194, 325.595
121.311, 325.781
121.278, 325.861
121.184, 326.031
120.935, 326.621
120.822, 326.515
120.739, 326.432
120.599, 326.314
120.377, 326.387
120.262, 326.161
120.267, 326.39
120.253, 326.048
120.022, 326.119
119.963, 326.359
119.867, 326.394
119.744, 326.401
119.609, 326.641
119.616, 326.759
119.604, 327.109
119.509, 327.392
119.322, 327.587
119.225, 327.891
119.21, 328.293
119.003, 328.694
118.821, 329.087
118.653, 329.748
118.521, 329.991
118.484, 330.108
118.454, 330.156
118.433, 330.243
118.393, 330.203
118.343, 330.083
118.325, 330.35
118.292, 330.514
118.225, 330.465
118.149, 330.509
118.16, 330.811
118.205, 331.145
118.291, 331.35
118.331, 331.472
118.268, 331.416
118.265, 331.62
118.274, 331.688
118.211, 331.758
118.202, 331.725
117.942, 331.915
117.729, 332.131
117.654, 332.323
117.535, 332.09
117.342, 331.781
117.141, 331.611
116.937, 331.333
116.706, 331.138
116.433, 331.279
116.274, 331.142
116.223, 331.088
116.207, 330.995
116.135, 330.836
116.106, 330.734
116.028, 330.569
115.971, 330.446
115.965, 330.431
115.943, 330.526
115.965, 330.443
115.889, 330.433
115.848, 330.507
115.856, 330.47
115.823, 330.425
115.843, 330.454
115.908, 330.36
115.991, 330.3
116.034, 330.475
116.084, 330.522
116.177, 330.506
116.201, 330.683
116.352, 330.871
116.522, 330.776
116.566, 330.663
116.632, 330.665
116.717, 330.811
116.761, 330.743
116.855, 330.604
116.804, 330.406
116.806, 330.252
116.935, 330.169
116.965, 330.294
116.947, 330.42
116.86, 330.584
116.893, 330.735
117, 330.866
116.948, 330.921
116.898, 330.883
116.889, 330.788
116.937, 330.857
116.953, 330.438
117.102, 330.268
117.053, 329.832
117.121, 329.248
117.354, 328.755
117.512, 328.233
117.655, 327.814
117.85, 327.364
118.09, 327.309
118.171, 326.966
118.024, 327.075
118.005, 327.161
118.051, 327.208
118.145, 327.19
118.376, 327.368
118.555, 327.754
118.613, 327.921
118.756, 327.91
118.947, 328.033
119.136, 328.377
119.196, 328.415
119.17, 328.252
119.305, 328.358
119.329, 328.627
119.214, 328.673
119.242, 328.828
119.243, 329.046
119.213, 328.868
119.251, 328.76
119.24, 328.568
119.168, 328.304
119.114, 327.977
118.939, 327.597
118.813, 327.453
118.644, 327.014
118.742, 326.685
118.801, 326.375
118.911, 326.107
119.028, 326.132
119.03, 326.221
119.081, 326.335
119.205, 326.404
119.259, 326.448
119.287, 326.493
119.357, 326.517
119.399, 326.541
119.431, 326.616
119.532, 326.64
119.619, 326.769
119.651, 326.859
119.697, 326.685
119.743, 326.499
119.801, 326.349
119.765, 326.534
119.93, 326.754
119.973, 326.872
120.04, 326.807
120.124, 326.795
120.206, 326.594
120.313, 326.653
120.343, 326.834
120.311, 326.834
120.365, 326.755
120.393, 326.718
120.432, 326.623
120.478, 326.389
120.497, 326.389
120.472, 326.406
120.527, 326.471
120.555, 326.583
120.577, 326.473
120.64, 326.411
120.736, 326.5
120.755, 326.314
120.794, 326.126
120.917, 325.828
120.995, 325.697
120.913, 325.484
120.883, 325.293
120.886, 325.145
120.894, 324.992
120.81, 324.815
120.8, 324.684
120.808, 324.422
120.822, 324.335
120.815, 324.418
120.814, 324.231
120.777, 324.326
120.716, 324.253
120.578, 324.163
120.59, 324.112
120.577, 323.996
120.539, 323.898
120.442, 323.851
120.545, 323.909
120.539, 323.853
120.514, 323.817
120.394, 323.785
120.3, 323.56
120.221, 323.456
120.101, 323.438
120.013, 323.313
119.949, 323.045
119.913, 323.118
119.827, 323.161
119.815, 323.305
119.769, 323.499
119.742, 323.46
119.709, 323.549
119.69, 323.531
119.763, 323.555
119.779, 323.528
119.786, 323.346
119.743, 323.361
119.631, 323.181
119.528, 323.099
119.459, 322.922
119.315, 322.652
119.196, 322.408
119.213, 322.332
119.222, 322.367
119.193, 322.164
119.292, 322.01
119.312, 321.96
119.26, 321.793
119.294, 321.434
119.422, 321.199
119.294, 320.642
119.296, 320.724
119.335, 320.791
119.179, 320.52
119.187, 320.484
119.235, 320.463
119.313, 320.358
119.326, 320.314
119.266, 320.338
119.241, 320.278
119.179, 320.288
119.115, 320.36
119.097, 320.433
119.097, 320.46
119.023, 320.376
119.021, 320.451
118.964, 320.406
118.988, 320.283
118.971, 320.167
118.933, 320.167
118.84, 320.118
118.782, 319.868
118.747, 319.905
118.679, 319.62
118.626, 319.561
118.569, 319.338
118.516, 319.077
118.419, 318.986
118.327, 318.84
118.209, 318.825
118.183, 319.033
118.158, 318.834
118.024, 318.659
117.972, 318.654
117.996, 318.594
118.064, 318.707
118.141, 318.707
118.27, 318.622
118.367, 318.451
118.547, 318.65
118.734, 318.872
118.869, 319.147
118.914, 319.065
119.102, 318.976
119.304, 318.946
119.336, 318.829
119.418, 318.753
119.408, 318.894
119.385, 318.622
119.579, 318.589
119.651, 318.585
119.657, 318.605
119.618, 318.533
119.682, 318.498
119.872, 318.858
120.017, 319.292
120.175, 319.593
120.448, 320.012
120.599, 320.266
120.617, 320.756
120.771, 321.133
120.871, 321.449
120.908, 321.919
121.011, 322.3
120.968, 322.959
120.959, 323.254
120.88, 323.756
120.758, 324.216
120.72, 324.543
120.717, 325.042
120.716, 325.856
120.651, 326.021
120.592, 326.003
120.525, 325.934
120.476, 325.979
120.478, 325.824
120.568, 325.82
120.605, 326
120.58, 325.929
120.65, 325.914
120.826, 326.151
120.734, 326.871
120.531, 327.288
120.352, 327.555
120.147, 328.151
120.082, 328.722
120.083, 329.683
120.232, 330.699
120.236, 331.466
120.29, 332.27
120.464, 333
120.788, 333.367
120.959, 333.525
121.026, 333.682
120.864, 334.119
120.713, 334.363
120.606, 334.592
120.586, 334.89
120.581, 334.871
120.587, 334.688
120.613, 334.796
120.574, 334.931
120.459, 335.067
120.4, 335.225
120.367, 335.232
120.326, 335.112
120.388, 335.01
120.449, 335.165
120.435, 335.365
120.435, 335.263
120.394, 335.071
120.461, 334.94
120.406, 334.804
120.279, 334.794
120.003, 334.89
120.009, 335.117
119.888, 335.323
119.685, 335.309
119.466, 335.693
119.278, 335.877
119.123, 336.325
119.014, 336.406
118.849, 336.534
118.549, 336.718
118.293, 336.46
118.041, 336.606
117.81, 336.19
